17.0491
17.0741
17.0969
17.1176
17.1363
17.1532
17.1682
17.1816
17.1933
17.2035
17.2122
17.2195
17.2255
17.2304
17.2341
17.2369
17.2386
17.2396
17.2397
17.2392
17.2381
17.2365
17.2345
17.2321
17.2295
17.2268
17.2239
17.2211
17.2184
17.2158
17.2136
17.2117
17.2102
17.2093
17.2090
17.2094
17.2106
17.2127
17.2157
17.2198
17.2251
17.2315
17.2393
17.2485
17.2591
17.2713
17.2849
17.2998
17.3158
17.3327
17.3503
17.3686
17.3874
17.4065
17.4257
17.4449
17.4640
17.4827
17.5009
17.5185
17.5353
17.5512
17.5659
17.5794
17.5914
17.6018
17.6105
17.6173
17.6220
17.6245
17.6246
17.6222
17.6171
17.6091
17.5982
17.5844
17.5678
17.5486
17.5269
17.5028
17.4765
17.4480
17.4175
17.3852
17.3511
17.3154
17.2783
17.2397
17.2000
17.1591
17.1172
17.0745
17.0310
16.9870
16.9425
16.8976
16.8525
16.8073
16.7622
16.7172
16.6725
16.6282
16.5845
16.5414
16.4991
16.4578
16.4173
16.3776
16.3387
16.3005
16.2630
16.2262
16.1900
16.1543
16.1191
16.0844
16.0501
16.0161
15.9825
15.9491
15.9160
15.8830
15.8502
15.8174
15.7847
15.7519
15.7192
15.6863
15.6532
15.6200
15.5865
15.5527
15.5186
15.4841
15.4491
15.4137
15.3779
15.3417
15.3050
15.2681
15.2308
15.1932
15.1554
15.1174
15.0792
15.0409
15.0025
14.9640
14.9255
14.8869
14.8484
14.8100
14.7716
14.7334
14.6953
14.6575
14.6198
14.5825
14.5454
14.5087
14.4723
14.4363
14.4008
14.3657
14.3312
14.2971
14.2637
14.2308
14.1986
14.1670
14.1360
14.1058
14.0763
14.0475
14.0195
13.9923
13.9659
13.9403
13.9157
13.8919
13.8691
13.8472
13.8262
13.8063
13.7874
13.7695
13.7527
13.7371
13.7225
13.7091
13.6968
13.6858
13.6760
13.6674
13.6601
13.6541
13.6495
13.6461
13.6440
13.6431
13.6434
13.6449
13.6475
13.6512
13.6560
13.6618
13.6686
13.6764
13.6851
13.6947
13.7053
13.7166
13.7288
13.7417
13.7554
13.7698
13.7849
13.8006
13.8170
13.8339
13.8514
13.8694
13.8879
13.9069
13.9262
13.9460
13.9661
13.9866
14.0074
14.0285
14.0498
14.0715
14.0934
14.1155
14.1379
14.1605
14.1833
14.2063
14.2295
14.2529
14.2764
14.3000
14.3238
14.3477
14.3717
14.3958
14.4200
14.4442
14.4685
14.4928
14.5172
14.5415
14.5659
14.5902
14.6145
14.6388
14.6630
14.6871
14.7112
14.7352
14.7592
14.7831
14.8070
14.8309
14.8549
14.8789
14.9030
14.9271
14.9514
14.9757
15.0003
15.0249
15.0498
15.0748
15.1001
15.1256
15.1513
15.1773
15.2036
15.2302
15.2571
15.2844
15.3120
15.3400
15.3684
15.3972
15.4264
15.4561
15.4863
15.5169
15.5479
15.5792
15.6109
15.6428
15.6749
15.7072
15.7397
15.7723
15.8050
15.8376
15.8703
15.9029
15.9354
15.9678
16.0000
16.0320
16.0638
16.0952
16.1263
16.1571
16.1874
16.2173
16.2466
16.2755
16.3037
16.3313
16.3583
16.3846
16.4101
16.4349
16.4589
16.4822
16.5047
16.5266
16.5477
16.5682
16.5881
16.6073
16.6259
16.6439
16.6614
16.6782
16.6946
16.7105
16.7258
16.7407
16.7551
16.7691
16.7826
16.7958
16.8085
16.8209
16.8330
16.8447
16.8561
16.8673
16.8781
16.8888
16.8991
16.9093
16.9193
16.9291
16.9387
16.9482
16.9576
16.9669
16.9761
16.9853
16.9944
17.0035
17.0125
17.0216
17.0307
17.0399
17.0451
17.0491
17.0741
17.0969
17.1176
17.1363
17.1532
17.1682
17.1816
17.1933
17.2035
17.2122
17.2195
17.2255
17.2304
17.2341
17.2369
17.2386
17.2396
17.2397
17.2392
17.2381
17.2365
17.2345
17.2321
17.2295
17.2268
17.2239
17.2211
17.2184
17.2158
17.2136
17.2117
17.2102
17.2093
17.2090
17.2094
17.2106
17.2127
17.2157
17.2198
17.2251
17.2315
17.2393
17.2485
17.2591
17.2713
17.2849
17.2998
17.3158
17.3327
17.3503
17.3686
17.3874
17.4065
17.4257
17.4449
17.4640
17.4827
17.5009
17.5185
17.5353
17.5512
17.5659
17.5794
17.5914
17.6018
17.6105
17.6173
17.6220
17.6245
17.6246
17.6222
17.6171
17.6091
17.5982
17.5844
17.5678
17.5486
17.5269
17.5028
17.4765
17.4480
17.4175
17.3852
17.3511
17.3154
17.2783
17.2397
17.2000
17.1591
17.1172
17.0745
17.0310
16.9870
16.9425
16.8976
16.8525
16.8073
16.7622
16.7172
16.6725
16.6282
16.5845
16.5414
16.4991
16.4578
16.4173
16.3776
16.3387
16.3005
16.2630
16.2262
16.1900
16.1543
16.1191
16.0844
16.0501
16.0161
15.9825
15.9491
15.9160
15.8830
15.8502
15.8174
15.7847
15.7519
15.7192
15.6863
15.6532
15.6200
15.5865
15.5527
15.5186
15.4841
15.4491
15.4137
15.3779
15.3417
15.3050
15.2681
15.2308
15.1932
15.1554
15.1174
15.0792
15.0409
15.0025
14.9640
14.9255
14.8869
14.8484
14.8100
14.7716
14.7334
14.6953
14.6575
14.6198
14.5825
14.5454
14.5087
14.4723
14.4363
14.4008
14.3657
14.3312
14.2971
14.2637
14.2308
14.1986
14.1670
14.1360
14.1058
14.0763
14.0475
14.0195
13.9923
13.9659
13.9403
13.9157
13.8919
13.8691
13.8472
13.8262
13.8063
13.7874
13.7695
13.7527
13.7371
13.7225
13.7091
13.6968
13.6858
13.6760
13.6674
13.6601
13.6541
13.6495
13.6461
13.6440
13.6431
13.6434
13.6449
13.6475
13.6512
13.6560
13.6618
13.6686
13.6764
13.6851
13.6947
13.7053
13.7166
13.7288
13.7417
13.7554
13.7698
13.7849
13.8006
13.8170
13.8339
13.8514
13.8694
13.8879
13.9069
13.9262
13.9460
13.9661
13.9866
14.0074
14.0285
14.0498
14.0715
14.0934
14.1155
14.1379
14.1605
14.1833
14.2063
14.2295
14.2529
14.2764
14.3000
14.3238
14.3477
14.3717
14.3958
14.4200
14.4442
14.4685
14.4928
14.5172
14.5415
14.5659
14.5902
14.6145
14.6388
14.6630
14.6871
14.7112
14.7352
14.7592
14.7831
14.8070
14.8309
14.8549
14.8789
14.9030
14.9271
14.9514
14.9757
15.0003
15.0249
15.0498
15.0748
15.1001
15.1256
15.1513
15.1773
15.2036
15.2302
15.2571
15.2844
15.3120
15.3400
15.3684
15.3972
15.4264
15.4561
15.4863
15.5169
15.5479
15.5792
15.6109
15.6428
15.6749
15.7072
15.7397
15.7723
15.8050
15.8376
15.8703
15.9029
15.9354
15.9678
16.0000
16.0320
16.0638
16.0952
16.1263
16.1571
16.1874
16.2173
16.2466
16.2755
16.3037
16.3313
16.3583
16.3846
16.4101
16.4349
16.4589
16.4822
16.5047
16.5266
16.5477
16.5682
16.5881
16.6073
16.6259
16.6439
16.6614
16.6782
16.6946
16.7105
16.7258
16.7407
16.7551
16.7691
16.7826
16.7958
16.8085
16.8209
16.8330
16.8447
16.8561
16.8673
16.8781
16.8888
16.8991
16.9093
16.9193
16.9291
16.9387
16.9482
16.9576
16.9669
16.9761
16.9853
16.9944
17.0035
17.0125
17.0216
17.0307
17.0399
17.0491